TENURE=20_DEFAULT_FIRST
Best solution: Solution: cost=[-927.0], size=[42], elements=[48, 23, 37, 36, 2, 62, 18, 47, 31, 54, 58, 46, 64, 71, 19, 9, 69, 44, 42, 13, 1, 12, 73, 24, 43, 29, 3, 70, 51, 76, 4, 75, 32, 67, 34, 20, 53, 14, 22, 74, 49, 7]
Time: 1.414seg 

TENURE=20_DEFAULT_BEST
Best solution: Solution: cost=[-973.0], size=[43], elements=[23, 48, 37, 2, 64, 62, 46, 19, 58, 71, 47, 18, 36, 31, 75, 9, 42, 3, 54, 73, 60, 13, 1, 24, 69, 44, 76, 7, 74, 49, 22, 4, 51, 70, 14, 53, 12, 43, 55, 39, 61, 52, 8]
Time: 33.654seg 

TENURE=20_PROB_0.25_FIRST
Best solution: Solution: cost=[-975.0], size=[46], elements=[23, 48, 37, 2, 64, 62, 46, 19, 58, 71, 47, 18, 36, 31, 75, 9, 42, 3, 54, 73, 24, 69, 60, 76, 13, 44, 7, 39, 52, 49, 1, 22, 53, 74, 14, 51, 70, 4, 12, 55, 43, 61, 50, 21, 6, 72]
Time: 0.621seg 

TENURE=20_PROB_0.25_BEST
Best solution: Solution: cost=[-891.0], size=[43], elements=[0, 72, 25, 37, 51, 49, 30, 18, 13, 52, 47, 24, 73, 2, 71, 1, 74, 3, 53, 42, 54, 76, 75, 22, 4, 70, 44, 55, 8, 48, 43, 62, 34, 79, 14, 58, 36, 69, 31, 32, 57, 19, 67]
Time: 1.856seg 

TENURE=20_PROB_0.5_FIRST
Best solution: Solution: cost=[-883.0], size=[42], elements=[33, 1, 62, 64, 2, 37, 71, 73, 47, 48, 75, 23, 46, 9, 36, 31, 58, 18, 42, 3, 54, 13, 7, 60, 24, 69, 76, 44, 70, 74, 22, 4, 49, 51, 14, 53, 12, 20, 34, 43, 50, 5]
Time: 0.764seg 

TENURE=20_PROB_0.5_BEST
Best solution: Solution: cost=[-945.0], size=[43], elements=[37, 51, 49, 13, 18, 52, 47, 24, 73, 2, 71, 1, 74, 3, 53, 42, 54, 76, 75, 70, 4, 22, 44, 55, 8, 43, 62, 34, 79, 14, 58, 36, 69, 31, 32, 57, 63, 5, 12, 46, 9, 50, 19]
Time: 6.146seg 

TENURE=20_PROB_0.75_FIRST
Best solution: Solution: cost=[-860.0], size=[40], elements=[7, 48, 31, 16, 11, 75, 23, 3, 2, 54, 18, 10, 4, 42, 13, 65, 15, 25, 30, 59, 8, 5, 78, 35, 61, 60, 37, 49, 50, 24, 73, 51, 52, 47, 1, 71, 44, 55, 76, 12]
Time: 1.059seg 

TENURE=20_PROB_0.75_BEST
Best solution: Solution: cost=[-954.0], size=[43], elements=[64, 62, 37, 48, 2, 47, 19, 58, 36, 31, 46, 23, 71, 18, 75, 42, 9, 43, 24, 54, 76, 22, 3, 8, 13, 60, 1, 53, 44, 73, 69, 49, 4, 34, 74, 14, 70, 20, 51, 12, 25, 52, 7]
Time: 14.934seg 

TENURE=20_DIV_100_FIRST
Best solution: Solution: cost=[-827.0], size=[40], elements=[2, 18, 24, 3, 13, 73, 54, 44, 51, 49, 71, 1, 4, 21, 52, 74, 5, 14, 22, 70, 34, 10, 11, 12, 32, 19, 58, 27, 45, 55, 57, 62, 68, 69, 33, 56, 75, 76, 42, 39]
Time: 0.579seg 

TENURE=20_DIV_100_BEST
Best solution: Solution: cost=[-953.0], size=[43], elements=[37, 51, 49, 18, 13, 52, 47, 24, 73, 2, 71, 1, 74, 3, 53, 42, 54, 76, 75, 70, 4, 22, 44, 23, 55, 8, 43, 62, 34, 79, 14, 58, 36, 69, 31, 32, 57, 63, 5, 68, 12, 11, 61]
Time: 0.814seg 

TENURE=20_DIV_10_FIRST
Best solution: Solution: cost=[-932.0], size=[45], elements=[64, 62, 37, 2, 48, 47, 19, 58, 36, 31, 46, 23, 71, 18, 75, 42, 9, 43, 65, 24, 54, 76, 22, 3, 8, 13, 60, 1, 53, 44, 73, 69, 49, 4, 34, 74, 7, 14, 70, 20, 51, 12, 25, 52, 5]
Time: 0.438seg 

TENURE=20_DIV_10_BEST
Best solution: Solution: cost=[-973.0], size=[43], elements=[48, 23, 37, 2, 64, 62, 46, 19, 58, 71, 18, 47, 36, 31, 75, 9, 42, 3, 54, 1, 60, 13, 73, 24, 69, 44, 76, 7, 74, 49, 22, 4, 51, 53, 14, 70, 12, 43, 55, 39, 61, 52, 8]
Time: 0.485seg 

TENURE=100_DEFAULT_FIRST
Best solution: Solution: cost=[-967.0], size=[43], elements=[44, 2, 18, 71, 3, 14, 1, 43, 37, 13, 58, 47, 49, 62, 9, 19, 64, 34, 73, 61, 74, 42, 76, 24, 51, 54, 69, 52, 72, 46, 12, 55, 22, 53, 8, 50, 29, 4, 70, 60, 36, 31, 67]
Time: 2.038seg 

TENURE=100_DEFAULT_BEST
Best solution: Solution: cost=[-953.0], size=[43], elements=[37, 51, 49, 13, 18, 52, 47, 24, 73, 2, 71, 1, 74, 3, 53, 42, 70, 75, 76, 54, 4, 22, 44, 23, 55, 8, 43, 62, 34, 79, 14, 58, 36, 69, 31, 32, 57, 63, 5, 68, 12, 11, 61]
Time: 32.339seg 

TENURE=100_PROB_0.25_FIRST
Best solution: Solution: cost=[-864.0], size=[44], elements=[0, 72, 25, 37, 51, 49, 30, 13, 18, 52, 47, 24, 73, 2, 71, 1, 74, 3, 53, 7, 42, 54, 76, 75, 22, 4, 70, 44, 23, 55, 48, 43, 62, 34, 79, 14, 58, 36, 69, 31, 32, 57, 63, 12]
Time: 0.539seg 

TENURE=100_PROB_0.25_BEST
Best solution: Solution: cost=[-817.0], size=[38], elements=[64, 38, 15, 20, 31, 65, 53, 7, 36, 47, 48, 2, 23, 4, 3, 54, 18, 13, 25, 37, 42, 8, 35, 49, 50, 5, 41, 66, 61, 44, 14, 58, 6, 74, 60, 69, 24, 1]
Time: 2.079seg 

TENURE=100_PROB_0.5_FIRST
Best solution: Solution: cost=[-791.0], size=[39], elements=[3, 31, 50, 29, 8, 48, 11, 17, 54, 59, 42, 2, 75, 4, 23, 18, 7, 61, 69, 36, 32, 15, 35, 53, 65, 47, 25, 37, 13, 1, 74, 49, 71, 41, 64, 24, 66, 73, 44]
Time: 0.627seg 

TENURE=100_PROB_0.5_BEST
Best solution: Solution: cost=[-873.0], size=[39], elements=[7, 48, 31, 16, 11, 75, 23, 3, 2, 54, 18, 10, 4, 42, 13, 65, 15, 25, 30, 59, 8, 5, 78, 35, 61, 60, 37, 49, 50, 66, 24, 73, 51, 52, 47, 1, 44, 55, 57]
Time: 6.12seg 

TENURE=100_PROB_0.75_FIRST
Best solution: Solution: cost=[-791.0], size=[39], elements=[3, 31, 50, 29, 8, 48, 11, 17, 54, 59, 42, 2, 75, 4, 23, 18, 7, 61, 69, 36, 32, 15, 35, 53, 65, 47, 25, 37, 13, 1, 71, 49, 74, 41, 64, 24, 66, 73, 44]
Time: 0.58seg 

TENURE=100_PROB_0.75_BEST
Best solution: Solution: cost=[-877.0], size=[39], elements=[7, 48, 31, 16, 11, 75, 23, 3, 2, 54, 18, 10, 4, 42, 13, 65, 15, 25, 30, 59, 8, 5, 78, 35, 61, 60, 37, 49, 50, 66, 24, 73, 51, 52, 47, 44, 1, 71, 55]
Time: 6.108seg 

TENURE=100_DIV_100_FIRST
Best solution: Solution: cost=[-867.0], size=[37], elements=[20, 41, 6, 64, 65, 66, 15, 36, 53, 74, 31, 7, 35, 47, 13, 23, 25, 14, 48, 2, 8, 4, 69, 3, 54, 50, 37, 60, 18, 58, 49, 42, 61, 24, 44, 1, 71]
Time: 0.666seg 

TENURE=100_DIV_100_BEST
Best solution: Solution: cost=[-933.0], size=[42], elements=[48, 31, 11, 75, 3, 2, 54, 18, 10, 4, 42, 13, 8, 5, 61, 60, 37, 49, 24, 73, 51, 52, 44, 1, 71, 55, 12, 57, 27, 21, 68, 22, 62, 43, 19, 76, 9, 70, 14, 58, 34, 32]
Time: 0.853seg 

TENURE=100_DIV_10_FIRST
Best solution: Solution: cost=[-793.0], size=[42], elements=[64, 41, 25, 59, 47, 48, 23, 16, 28, 65, 31, 15, 20, 38, 35, 8, 50, 61, 66, 42, 2, 18, 43, 37, 24, 29, 53, 3, 72, 13, 60, 73, 7, 54, 44, 51, 49, 71, 1, 4, 21, 52]
Time: 0.479seg 

TENURE=100_DIV_10_BEST
Best solution: Solution: cost=[-877.0], size=[39], elements=[7, 48, 31, 16, 11, 75, 23, 3, 2, 54, 18, 10, 4, 42, 13, 65, 15, 25, 30, 59, 8, 5, 78, 35, 61, 60, 37, 49, 50, 66, 24, 73, 52, 51, 47, 44, 1, 71, 55]
Time: 0.491seg 

