TENURE=20_DEFAULT_FIRST
Best solution: Solution: cost=[-1274.0], size=[58], elements=[79, 68, 11, 19, 85, 51, 3, 84, 45, 10, 17, 86, 33, 30, 35, 98, 2, 25, 28, 55, 16, 15, 63, 44, 62, 29, 72, 22, 7, 14, 23, 74, 38, 57, 71, 81, 34, 18, 96, 69, 70, 24, 93, 91, 67, 64, 80, 6, 9, 21, 31, 32, 39, 40, 42, 73, 78, 89]
Time: 2.391seg 

TENURE=20_DEFAULT_BEST
Best solution: Solution: cost=[-1252.0], size=[50], elements=[97, 23, 51, 9, 70, 2, 61, 4, 48, 79, 12, 72, 85, 16, 68, 25, 63, 17, 10, 7, 44, 15, 84, 29, 62, 47, 30, 59, 41, 39, 96, 18, 95, 91, 69, 28, 81, 86, 14, 22, 3, 31, 74, 45, 98, 55, 5, 21, 67, 82]
Time: 72.916seg 

TENURE=20_PROB_0.25_FIRST
Best solution: Solution: cost=[-1353.0], size=[48], elements=[68, 57, 11, 38, 22, 49, 74, 30, 10, 24, 23, 62, 21, 95, 47, 91, 44, 93, 33, 80, 29, 32, 3, 63, 7, 71, 39, 18, 14, 96, 64, 90, 31, 17, 51, 78, 52, 2, 89, 84, 66, 42, 37, 25, 85, 40, 6, 34]
Time: 1.498seg 

TENURE=20_PROB_0.25_BEST
Best solution: Solution: cost=[-1396.0], size=[51], elements=[84, 61, 2, 9, 15, 23, 21, 80, 51, 70, 44, 73, 10, 7, 17, 63, 96, 74, 69, 42, 62, 95, 28, 68, 16, 85, 29, 39, 22, 91, 14, 66, 57, 78, 18, 38, 56, 67, 72, 71, 45, 33, 34, 90, 25, 24, 40, 64, 81, 89, 82]
Time: 4.846seg 

TENURE=20_PROB_0.5_FIRST
Best solution: Solution: cost=[-1294.0], size=[56], elements=[20, 92, 13, 45, 61, 69, 94, 67, 16, 71, 9, 21, 10, 84, 2, 23, 75, 88, 73, 15, 44, 63, 96, 7, 54, 98, 82, 17, 91, 72, 90, 48, 6, 22, 50, 5, 57, 33, 41, 34, 29, 93, 64, 14, 8, 39, 79, 85, 51, 28, 62, 42, 18, 38, 95, 66]
Time: 1.704seg 

TENURE=20_PROB_0.5_BEST
Best solution: Solution: cost=[-1398.0], size=[48], elements=[68, 11, 57, 43, 38, 22, 49, 74, 30, 10, 24, 23, 62, 21, 95, 47, 91, 44, 93, 33, 29, 32, 3, 63, 7, 51, 85, 14, 64, 17, 18, 31, 39, 71, 90, 78, 96, 25, 2, 42, 84, 66, 52, 89, 69, 6, 19, 72]
Time: 16.265seg 

TENURE=20_PROB_0.75_FIRST
Best solution: Solution: cost=[-1364.0], size=[57], elements=[53, 21, 11, 74, 77, 64, 51, 33, 85, 25, 24, 38, 10, 30, 42, 69, 45, 71, 3, 18, 19, 7, 23, 14, 2, 96, 34, 40, 9, 22, 78, 62, 90, 29, 32, 63, 44, 54, 93, 84, 89, 57, 6, 52, 91, 17, 47, 95, 72, 82, 39, 66, 16, 68, 12, 56, 1]
Time: 2.248seg 

TENURE=20_PROB_0.75_BEST
Best solution: Solution: cost=[-1395.0], size=[49], elements=[20, 92, 13, 45, 69, 94, 67, 16, 71, 21, 10, 84, 2, 23, 73, 44, 63, 75, 96, 7, 82, 17, 91, 72, 90, 6, 22, 50, 57, 33, 34, 29, 14, 39, 93, 64, 85, 51, 62, 42, 18, 38, 95, 66, 78, 68, 43, 59, 28]
Time: 39.871seg 

TENURE=20_DIV_100_FIRST
Best solution: Solution: cost=[-1169.0], size=[44], elements=[97, 23, 51, 70, 2, 61, 4, 48, 79, 12, 34, 72, 85, 16, 19, 68, 25, 63, 17, 10, 7, 44, 15, 84, 58, 5, 29, 62, 47, 30, 59, 41, 39, 42, 1, 96, 18, 95, 91, 69, 28, 81, 86, 3]
Time: 0.865seg 

TENURE=20_DIV_100_BEST
Best solution: Solution: cost=[-1433.0], size=[56], elements=[68, 11, 57, 38, 22, 74, 10, 24, 23, 62, 21, 95, 47, 91, 44, 93, 33, 29, 32, 3, 63, 7, 71, 39, 18, 14, 96, 64, 90, 31, 17, 51, 78, 52, 2, 89, 84, 66, 42, 25, 85, 6, 72, 19, 69, 50, 45, 28, 75, 99, 34, 82, 77, 53, 54, 30]
Time: 2.009seg 

TENURE=20_DIV_10_FIRST
Best solution: Solution: cost=[-1136.0], size=[53], elements=[49, 37, 3, 0, 89, 74, 23, 51, 9, 29, 2, 65, 10, 21, 84, 61, 45, 79, 92, 69, 94, 27, 16, 12, 68, 1, 62, 39, 17, 91, 47, 41, 59, 13, 63, 81, 26, 4, 38, 72, 34, 56, 22, 82, 7, 95, 44, 96, 70, 73, 14, 31, 18]
Time: 0.775seg 

TENURE=20_DIV_10_BEST
Best solution: Solution: cost=[-1467.0], size=[53], elements=[68, 57, 11, 38, 22, 74, 30, 10, 24, 23, 62, 21, 95, 31, 47, 7, 44, 14, 91, 93, 96, 69, 71, 64, 33, 18, 52, 17, 51, 29, 90, 63, 25, 2, 85, 50, 72, 28, 6, 42, 39, 78, 32, 66, 3, 45, 84, 82, 75, 16, 53, 15, 77]
Time: 0.897seg 

TENURE=100_DEFAULT_FIRST
Best solution: Solution: cost=[-1343.0], size=[46], elements=[23, 7, 62, 68, 44, 22, 10, 2, 96, 51, 17, 29, 91, 72, 16, 42, 57, 71, 45, 14, 84, 39, 18, 63, 67, 78, 20, 73, 21, 95, 82, 38, 69, 28, 90, 50, 33, 66, 6, 94, 56, 34, 75, 59, 43, 13]
Time: 3.67seg 

TENURE=100_DEFAULT_BEST
Best solution: Solution: cost=[-1467.0], size=[53], elements=[3, 74, 23, 51, 31, 68, 2, 29, 22, 39, 62, 14, 95, 17, 10, 24, 7, 18, 96, 44, 63, 90, 47, 91, 84, 85, 78, 66, 15, 71, 72, 16, 25, 53, 93, 69, 21, 45, 42, 28, 64, 38, 32, 33, 77, 11, 30, 75, 82, 6, 57, 52, 50]
Time: 65.54seg 

TENURE=100_PROB_0.25_FIRST
Best solution: Solution: cost=[-1342.0], size=[57], elements=[53, 21, 11, 65, 74, 77, 64, 51, 33, 85, 25, 24, 38, 10, 30, 42, 69, 45, 71, 3, 18, 19, 7, 23, 14, 2, 96, 34, 40, 9, 22, 78, 62, 90, 29, 32, 63, 44, 93, 84, 89, 57, 6, 52, 91, 17, 47, 95, 72, 82, 39, 66, 16, 68, 12, 56, 13]
Time: 1.073seg 

TENURE=100_PROB_0.25_BEST
Best solution: Solution: cost=[-1410.0], size=[51], elements=[68, 11, 57, 38, 22, 74, 30, 10, 24, 23, 62, 21, 95, 7, 47, 44, 14, 91, 93, 96, 69, 71, 64, 33, 18, 52, 17, 51, 25, 63, 85, 29, 2, 90, 50, 72, 28, 6, 42, 39, 78, 32, 66, 3, 84, 82, 67, 53, 54, 16, 45]
Time: 4.015seg 

TENURE=100_PROB_0.5_FIRST
Best solution: Solution: cost=[-1374.0], size=[58], elements=[27, 68, 51, 36, 31, 95, 17, 2, 23, 22, 7, 9, 74, 96, 44, 14, 18, 29, 62, 10, 85, 63, 61, 19, 79, 84, 3, 86, 78, 33, 93, 25, 53, 24, 69, 42, 28, 45, 16, 71, 81, 72, 15, 39, 21, 91, 38, 11, 64, 90, 34, 77, 89, 80, 66, 57, 56, 47]
Time: 1.038seg 

TENURE=100_PROB_0.5_BEST
Best solution: Solution: cost=[-1410.0], size=[48], elements=[68, 57, 11, 38, 22, 74, 30, 10, 24, 23, 62, 21, 95, 47, 91, 44, 93, 33, 29, 32, 3, 39, 71, 63, 7, 18, 14, 96, 64, 90, 31, 17, 51, 78, 52, 2, 66, 42, 25, 85, 6, 72, 69, 86, 28, 84, 82, 49]
Time: 9.249seg 

TENURE=100_PROB_0.75_FIRST
Best solution: Solution: cost=[-1254.0], size=[57], elements=[20, 92, 13, 45, 61, 69, 94, 67, 16, 71, 9, 21, 10, 84, 2, 23, 73, 15, 44, 63, 75, 96, 7, 88, 54, 98, 82, 17, 91, 72, 90, 48, 6, 22, 50, 57, 5, 33, 41, 34, 29, 93, 64, 14, 8, 39, 79, 85, 51, 28, 62, 42, 18, 38, 95, 66, 1]
Time: 1.098seg 

TENURE=100_PROB_0.75_BEST
Best solution: Solution: cost=[-1414.0], size=[54], elements=[20, 92, 13, 45, 61, 69, 94, 67, 16, 71, 9, 21, 10, 84, 2, 23, 91, 96, 44, 72, 48, 63, 75, 6, 12, 7, 17, 70, 73, 59, 34, 26, 90, 62, 22, 95, 39, 29, 56, 82, 68, 14, 18, 51, 66, 38, 57, 78, 43, 64, 74, 33, 85, 42]
Time: 9.489seg 

TENURE=100_DIV_100_FIRST
Best solution: Solution: cost=[-1377.0], size=[45], elements=[43, 37, 31, 11, 40, 93, 57, 95, 49, 47, 52, 68, 38, 91, 22, 32, 3, 74, 24, 64, 21, 89, 66, 78, 62, 39, 14, 29, 18, 90, 25, 51, 33, 42, 85, 17, 23, 44, 63, 7, 71, 96, 84, 10, 2]
Time: 1.289seg 

TENURE=100_DIV_100_BEST
Best solution: Solution: cost=[-1433.0], size=[56], elements=[68, 57, 11, 38, 22, 74, 10, 24, 23, 62, 21, 95, 47, 91, 44, 93, 33, 29, 32, 3, 63, 7, 71, 39, 18, 14, 96, 64, 90, 31, 17, 51, 78, 52, 2, 89, 84, 66, 42, 25, 85, 6, 72, 19, 69, 50, 45, 28, 75, 99, 34, 82, 77, 53, 54, 30]
Time: 1.433seg 

TENURE=100_DIV_10_FIRST
Best solution: Solution: cost=[-1457.0], size=[52], elements=[68, 57, 11, 38, 22, 74, 30, 10, 24, 23, 62, 21, 95, 31, 7, 47, 44, 14, 91, 93, 96, 69, 71, 64, 33, 18, 52, 17, 51, 25, 63, 90, 29, 2, 85, 50, 72, 28, 6, 42, 39, 78, 32, 66, 3, 45, 84, 82, 75, 16, 15, 53]
Time: 0.763seg 

TENURE=100_DIV_10_BEST
Best solution: Solution: cost=[-1247.0], size=[50], elements=[53, 2, 84, 61, 45, 13, 51, 3, 85, 16, 79, 12, 97, 68, 17, 4, 10, 1, 81, 34, 41, 70, 59, 69, 30, 23, 9, 94, 48, 15, 72, 67, 44, 56, 7, 63, 62, 38, 22, 47, 29, 39, 18, 95, 91, 82, 96, 14, 42, 66]
Time: 0.875seg 

