TENURE=20_DEFAULT_FIRST
Best solution: Solution: cost=[-5306.0], size=[128], elements=[9, 193, 165, 44, 166, 94, 174, 176, 101, 181, 99, 76, 131, 133, 154, 69, 85, 171, 161, 157, 110, 118, 83, 163, 86, 51, 30, 147, 16, 155, 160, 4, 162, 54, 25, 95, 158, 125, 80, 18, 23, 114, 17, 150, 134, 119, 45, 81, 106, 11, 48, 84, 87, 111, 56, 172, 7, 49, 196, 77, 145, 124, 70, 179, 127, 31, 192, 63, 68, 148, 6, 19, 58, 29, 164, 12, 167, 117, 72, 1, 183, 62, 34, 100, 52, 103, 153, 143, 108, 180, 141, 129, 28, 50, 67, 32, 53, 185, 21, 41, 66, 61, 170, 169, 88, 65, 189, 138, 90, 92, 175, 137, 13, 184, 46, 136, 112, 40, 198, 33, 140, 152, 8, 139, 113, 159, 116, 0]
Time: 12.375seg 

TENURE=20_DEFAULT_BEST
Best solution: Solution: cost=[-5218.0], size=[120], elements=[108, 141, 66, 23, 155, 167, 54, 92, 29, 140, 12, 153, 138, 116, 185, 68, 70, 179, 145, 9, 72, 31, 7, 80, 180, 162, 81, 157, 106, 45, 160, 30, 85, 4, 148, 124, 171, 86, 137, 51, 16, 82, 56, 53, 11, 147, 150, 21, 77, 84, 100, 87, 34, 174, 144, 32, 154, 83, 101, 95, 48, 172, 17, 119, 196, 134, 69, 133, 164, 63, 176, 181, 165, 131, 25, 47, 50, 118, 192, 44, 193, 110, 129, 61, 28, 198, 58, 111, 166, 67, 49, 99, 52, 18, 189, 46, 158, 33, 90, 19, 117, 1, 114, 125, 13, 94, 6, 127, 184, 169, 123, 113, 143, 103, 126, 8, 183, 121, 15, 88]
Time: 598.771seg 

TENURE=20_PROB_0.25_FIRST
Best solution: Solution: cost=[-5139.0], size=[127], elements=[108, 140, 66, 53, 155, 187, 165, 189, 171, 16, 34, 56, 72, 51, 167, 46, 100, 148, 92, 175, 23, 129, 154, 29, 74, 4, 82, 28, 125, 5, 169, 70, 44, 54, 12, 30, 181, 117, 68, 32, 111, 119, 49, 157, 17, 69, 84, 90, 6, 1, 138, 196, 50, 99, 8, 185, 106, 67, 101, 75, 141, 19, 94, 166, 85, 86, 162, 9, 174, 81, 183, 161, 131, 41, 87, 21, 80, 7, 52, 145, 25, 78, 172, 184, 77, 136, 164, 116, 107, 63, 179, 124, 137, 103, 48, 147, 193, 121, 110, 126, 134, 11, 95, 45, 58, 114, 133, 113, 15, 18, 83, 123, 158, 118, 61, 13, 192, 31, 176, 170, 160, 143, 65, 47, 153, 177, 127]
Time: 6.012seg 

TENURE=20_PROB_0.25_BEST
Best solution: Solution: cost=[-5309.0], size=[126], elements=[9, 193, 165, 44, 166, 94, 174, 176, 101, 181, 99, 76, 131, 133, 154, 69, 85, 171, 161, 157, 110, 118, 83, 163, 86, 51, 147, 30, 16, 155, 160, 4, 162, 54, 25, 95, 158, 125, 80, 18, 23, 114, 17, 150, 134, 45, 119, 81, 106, 11, 48, 84, 87, 111, 56, 172, 7, 49, 196, 77, 145, 124, 70, 179, 127, 31, 192, 63, 68, 148, 6, 19, 58, 29, 164, 12, 167, 117, 72, 1, 183, 62, 34, 100, 52, 103, 153, 28, 143, 108, 129, 180, 141, 50, 67, 32, 53, 185, 21, 41, 66, 61, 170, 169, 88, 138, 92, 189, 90, 175, 65, 137, 184, 46, 136, 112, 40, 33, 198, 140, 152, 8, 139, 113, 13, 116]
Time: 54.727seg 

TENURE=20_PROB_0.5_FIRST
Best solution: Solution: cost=[-5113.0], size=[129], elements=[91, 9, 193, 165, 44, 94, 166, 174, 176, 101, 181, 99, 131, 133, 154, 69, 85, 171, 161, 157, 110, 155, 151, 95, 70, 51, 84, 111, 127, 122, 7, 121, 49, 179, 143, 145, 134, 183, 148, 97, 25, 196, 147, 80, 23, 4, 158, 192, 141, 54, 167, 108, 66, 162, 46, 11, 160, 18, 86, 52, 81, 30, 124, 106, 45, 67, 119, 125, 114, 19, 164, 12, 153, 100, 63, 17, 48, 56, 103, 16, 87, 137, 61, 152, 172, 83, 31, 34, 163, 150, 28, 53, 118, 77, 185, 140, 72, 82, 184, 90, 6, 189, 88, 8, 175, 117, 129, 92, 33, 1, 169, 58, 21, 15, 40, 13, 198, 50, 29, 136, 32, 41, 170, 113, 68, 126, 123, 138, 5]
Time: 5.297seg 

TENURE=20_PROB_0.5_BEST
Best solution: Solution: cost=[-5203.0], size=[119], elements=[172, 68, 17, 63, 138, 61, 157, 145, 83, 31, 72, 80, 196, 110, 69, 184, 7, 49, 179, 66, 166, 23, 155, 167, 119, 134, 99, 51, 34, 111, 58, 124, 85, 198, 131, 137, 70, 100, 81, 86, 48, 129, 106, 148, 116, 30, 171, 133, 54, 25, 4, 101, 95, 87, 164, 162, 16, 21, 174, 103, 9, 192, 141, 19, 108, 147, 150, 67, 154, 1, 50, 84, 117, 92, 170, 118, 90, 32, 28, 53, 77, 29, 139, 45, 12, 11, 6, 193, 94, 165, 176, 56, 185, 140, 181, 18, 163, 136, 126, 161, 44, 158, 52, 160, 46, 41, 114, 169, 143, 175, 127, 13, 62, 65, 88, 73, 47, 189, 113]
Time: 213.754seg 

TENURE=20_PROB_0.75_FIRST
Best solution: Solution: cost=[-5201.0], size=[132], elements=[108, 140, 66, 53, 155, 165, 189, 171, 16, 34, 56, 72, 51, 167, 46, 148, 100, 92, 175, 23, 129, 154, 29, 74, 4, 82, 28, 125, 5, 169, 70, 44, 54, 12, 30, 181, 117, 68, 119, 6, 17, 11, 157, 84, 138, 133, 69, 106, 1, 81, 162, 86, 85, 185, 141, 179, 90, 8, 87, 150, 101, 21, 50, 77, 131, 25, 164, 9, 118, 136, 41, 7, 47, 139, 94, 32, 126, 116, 161, 67, 107, 184, 193, 192, 196, 48, 147, 110, 145, 114, 174, 134, 49, 183, 63, 172, 124, 99, 113, 111, 95, 45, 198, 83, 170, 121, 13, 58, 137, 166, 19, 31, 176, 76, 61, 103, 18, 158, 160, 80, 52, 163, 143, 65, 127, 88, 177, 62, 123, 0, 2, 15]
Time: 7.485seg 

TENURE=20_PROB_0.75_BEST
Best solution: Solution: cost=[-5351.0], size=[128], elements=[4, 6, 117, 125, 19, 145, 67, 108, 49, 114, 1, 121, 94, 184, 166, 196, 193, 23, 5, 63, 69, 17, 119, 82, 157, 99, 141, 66, 61, 137, 86, 90, 85, 13, 84, 148, 95, 92, 101, 106, 110, 43, 70, 54, 192, 15, 122, 7, 179, 167, 155, 131, 113, 133, 174, 52, 100, 44, 129, 111, 48, 172, 46, 51, 21, 50, 77, 123, 25, 134, 30, 16, 118, 164, 9, 18, 154, 158, 136, 20, 171, 68, 127, 139, 32, 162, 56, 126, 124, 181, 81, 12, 11, 170, 176, 58, 147, 160, 80, 87, 45, 140, 31, 72, 83, 47, 29, 175, 165, 73, 195, 37, 198, 34, 138, 169, 88, 8, 53, 28, 89, 93, 173, 185, 102, 153, 41, 103]
Time: 458.27seg 

TENURE=20_DIV_100_FIRST
Best solution: Solution: cost=[-5013.0], size=[126], elements=[108, 141, 66, 23, 155, 167, 54, 92, 29, 140, 12, 153, 138, 30, 147, 51, 72, 56, 32, 189, 53, 157, 148, 162, 165, 16, 171, 69, 179, 185, 34, 181, 31, 154, 160, 25, 101, 174, 9, 84, 176, 4, 81, 50, 100, 47, 164, 21, 11, 87, 85, 129, 7, 80, 180, 77, 150, 124, 119, 82, 17, 118, 133, 48, 68, 63, 10, 83, 145, 131, 172, 134, 86, 44, 106, 45, 95, 102, 52, 166, 158, 33, 38, 198, 58, 111, 192, 88, 144, 61, 28, 193, 67, 49, 196, 110, 70, 18, 117, 1, 125, 114, 13, 76, 130, 195, 136, 184, 99, 169, 15, 137, 103, 199, 183, 89, 20, 5, 156, 94, 121, 177, 8, 19, 116, 6]
Time: 4.916seg 

TENURE=20_DIV_100_BEST
Best solution: Solution: cost=[-5378.0], size=[127], elements=[4, 117, 6, 125, 19, 145, 143, 67, 108, 49, 114, 1, 121, 94, 103, 184, 166, 196, 193, 23, 63, 69, 17, 119, 157, 99, 141, 66, 61, 137, 86, 90, 85, 13, 84, 148, 95, 92, 101, 106, 110, 70, 192, 54, 43, 15, 122, 7, 179, 167, 155, 131, 113, 133, 174, 52, 100, 44, 111, 129, 48, 172, 46, 51, 21, 50, 77, 123, 134, 25, 30, 16, 118, 164, 9, 18, 154, 158, 20, 136, 171, 68, 127, 139, 32, 162, 56, 126, 124, 181, 170, 12, 81, 11, 176, 58, 147, 160, 80, 87, 45, 140, 31, 72, 83, 47, 29, 175, 165, 73, 195, 37, 198, 34, 138, 169, 88, 53, 8, 65, 93, 153, 28, 89, 41, 185, 40]
Time: 12.483seg 

TENURE=20_DIV_10_FIRST
Best solution: Solution: cost=[-4975.0], size=[124], elements=[180, 172, 104, 68, 17, 63, 50, 29, 47, 111, 54, 48, 157, 196, 0, 61, 13, 114, 192, 100, 119, 133, 69, 164, 179, 53, 12, 167, 170, 174, 118, 131, 20, 23, 7, 81, 52, 145, 85, 67, 4, 162, 141, 82, 84, 150, 77, 130, 106, 11, 80, 155, 124, 25, 87, 121, 160, 30, 21, 16, 51, 31, 56, 34, 171, 190, 101, 183, 103, 1, 134, 83, 33, 72, 148, 132, 28, 86, 198, 137, 138, 99, 70, 156, 154, 147, 195, 193, 45, 37, 117, 19, 62, 166, 49, 102, 115, 123, 108, 90, 43, 152, 129, 73, 58, 173, 93, 92, 175, 127, 139, 6, 78, 66, 140, 9, 44, 184, 32, 15, 181, 165, 144, 8]
Time: 4.148seg 

TENURE=20_DIV_10_BEST
Best solution: Solution: cost=[-5255.0], size=[123], elements=[108, 141, 66, 23, 155, 167, 54, 92, 29, 140, 12, 153, 138, 30, 147, 51, 72, 56, 32, 53, 157, 148, 162, 165, 16, 171, 69, 179, 185, 34, 181, 31, 84, 154, 101, 174, 9, 176, 50, 100, 81, 4, 82, 150, 21, 129, 68, 47, 160, 164, 87, 7, 80, 25, 77, 119, 11, 85, 17, 133, 106, 102, 118, 131, 52, 86, 166, 44, 63, 48, 83, 145, 134, 95, 45, 172, 124, 33, 198, 58, 158, 111, 192, 193, 73, 88, 195, 61, 28, 110, 49, 117, 1, 114, 125, 13, 196, 67, 184, 136, 43, 90, 137, 70, 99, 144, 116, 139, 94, 169, 6, 41, 46, 89, 37, 113, 126, 170, 123, 19, 8, 121, 18]
Time: 4.765seg 

TENURE=100_DEFAULT_FIRST
Best solution: Solution: cost=[-5151.0], size=[125], elements=[4, 103, 6, 19, 166, 30, 169, 148, 63, 164, 72, 62, 176, 108, 46, 167, 51, 129, 23, 184, 21, 155, 131, 137, 145, 58, 66, 136, 77, 119, 28, 139, 95, 88, 153, 40, 162, 179, 49, 112, 52, 7, 117, 54, 18, 25, 141, 86, 157, 45, 32, 56, 110, 80, 147, 163, 171, 11, 61, 31, 69, 67, 154, 132, 85, 34, 83, 16, 172, 174, 114, 87, 133, 17, 81, 65, 198, 193, 160, 143, 161, 94, 99, 9, 192, 84, 70, 116, 126, 124, 100, 138, 12, 29, 170, 123, 1, 48, 196, 183, 41, 68, 101, 106, 118, 150, 134, 44, 175, 8, 14, 20, 50, 53, 90, 111, 121, 127, 152, 159, 165, 181, 178, 180, 185]
Time: 94.815seg 

TENURE=100_DEFAULT_BEST
Best solution: Solution: cost=[-5337.0], size=[124], elements=[108, 140, 66, 53, 155, 165, 189, 171, 16, 34, 56, 72, 51, 167, 46, 148, 92, 175, 100, 23, 129, 154, 29, 4, 82, 44, 12, 54, 70, 141, 169, 125, 30, 138, 68, 157, 17, 119, 99, 80, 84, 11, 111, 117, 181, 81, 69, 28, 136, 131, 133, 85, 9, 48, 145, 134, 7, 116, 179, 164, 183, 25, 185, 77, 196, 8, 50, 87, 172, 90, 45, 184, 94, 193, 110, 114, 147, 49, 158, 83, 101, 166, 63, 160, 106, 86, 32, 124, 162, 1, 192, 31, 19, 67, 21, 174, 161, 126, 6, 103, 18, 163, 118, 13, 137, 61, 95, 58, 176, 150, 41, 139, 170, 143, 62, 52, 198, 113, 112, 153, 33, 0, 180, 76]
Time: 623.793seg 

TENURE=100_PROB_0.25_FIRST
Best solution: Solution: cost=[-5181.0], size=[127], elements=[91, 9, 193, 165, 44, 94, 166, 174, 176, 101, 181, 99, 76, 66, 49, 108, 140, 95, 122, 127, 70, 154, 121, 155, 51, 85, 158, 46, 110, 187, 4, 148, 19, 171, 145, 23, 69, 111, 18, 131, 86, 80, 125, 54, 52, 143, 129, 25, 160, 30, 167, 162, 141, 7, 179, 40, 45, 106, 134, 153, 157, 114, 133, 119, 43, 81, 11, 147, 37, 17, 84, 48, 68, 73, 16, 102, 118, 100, 56, 87, 34, 117, 12, 175, 65, 83, 31, 192, 21, 152, 15, 124, 67, 61, 172, 13, 58, 164, 47, 63, 169, 88, 170, 29, 123, 77, 6, 184, 159, 90, 93, 137, 20, 53, 195, 136, 1, 28, 103, 92, 156, 72, 198, 190, 163, 183, 8]
Time: 4.167seg 

TENURE=100_PROB_0.25_BEST
Best solution: Solution: cost=[-5292.0], size=[126], elements=[9, 193, 165, 44, 94, 166, 174, 176, 101, 181, 99, 76, 131, 133, 154, 69, 85, 171, 161, 157, 110, 118, 83, 163, 86, 51, 30, 147, 16, 155, 160, 162, 4, 54, 25, 95, 158, 125, 80, 18, 23, 114, 17, 150, 134, 45, 119, 81, 106, 11, 48, 84, 87, 111, 56, 172, 7, 49, 196, 77, 145, 124, 70, 179, 31, 192, 63, 68, 167, 148, 52, 183, 28, 34, 103, 100, 66, 72, 164, 61, 129, 21, 108, 141, 19, 67, 1, 117, 50, 12, 32, 29, 53, 185, 62, 137, 138, 90, 6, 189, 180, 92, 58, 41, 175, 33, 140, 198, 170, 143, 0, 153, 8, 40, 169, 46, 184, 112, 88, 139, 136, 113, 116, 82, 59, 127]
Time: 36.897seg 

TENURE=100_PROB_0.5_FIRST
Best solution: Solution: cost=[-4986.0], size=[131], elements=[172, 180, 68, 17, 63, 50, 29, 47, 111, 54, 48, 157, 61, 13, 114, 192, 100, 119, 133, 69, 164, 179, 53, 12, 167, 170, 174, 118, 131, 20, 23, 7, 81, 52, 145, 85, 67, 4, 121, 141, 25, 162, 30, 106, 84, 130, 155, 87, 150, 21, 80, 124, 160, 11, 77, 16, 51, 31, 58, 95, 176, 147, 73, 134, 45, 102, 132, 108, 166, 148, 19, 153, 56, 125, 158, 123, 152, 190, 101, 99, 154, 83, 49, 198, 72, 129, 33, 1, 43, 70, 169, 82, 34, 181, 195, 171, 117, 90, 193, 185, 137, 37, 138, 184, 86, 44, 165, 127, 9, 66, 140, 115, 76, 175, 92, 110, 15, 8, 88, 40, 28, 139, 93, 89, 144, 6, 194, 10, 32, 39, 18]
Time: 5.822seg 

TENURE=100_PROB_0.5_BEST
Best solution: Solution: cost=[-5307.0], size=[128], elements=[108, 140, 66, 53, 155, 165, 189, 171, 16, 34, 56, 72, 51, 167, 46, 148, 92, 175, 100, 23, 129, 154, 29, 74, 4, 82, 28, 125, 5, 169, 70, 44, 54, 12, 30, 181, 117, 68, 119, 6, 17, 11, 157, 84, 138, 133, 69, 106, 1, 81, 162, 86, 85, 185, 141, 179, 90, 8, 87, 150, 101, 21, 50, 77, 131, 25, 164, 9, 118, 136, 41, 7, 139, 94, 32, 126, 116, 161, 67, 107, 184, 193, 192, 196, 48, 147, 110, 145, 114, 174, 134, 49, 183, 63, 172, 124, 99, 113, 111, 95, 45, 198, 83, 170, 121, 13, 58, 137, 166, 19, 31, 176, 76, 61, 103, 18, 158, 160, 80, 52, 163, 143, 65, 127, 88, 177, 62, 123]
Time: 131.591seg 

TENURE=100_PROB_0.75_FIRST
Best solution: Solution: cost=[-4865.0], size=[131], elements=[4, 5, 6, 125, 19, 166, 30, 169, 148, 63, 164, 72, 74, 62, 176, 89, 46, 75, 51, 108, 167, 184, 137, 23, 24, 58, 120, 129, 55, 92, 66, 155, 154, 31, 145, 102, 77, 49, 119, 136, 28, 131, 21, 139, 179, 95, 18, 88, 199, 192, 157, 86, 45, 110, 61, 141, 162, 147, 67, 150, 132, 11, 76, 163, 16, 54, 25, 117, 193, 93, 40, 56, 97, 171, 153, 52, 34, 112, 7, 114, 85, 174, 69, 133, 161, 107, 198, 81, 65, 87, 143, 83, 80, 84, 94, 17, 9, 73, 118, 99, 170, 48, 100, 172, 13, 111, 196, 44, 29, 134, 175, 70, 41, 124, 101, 158, 12, 138, 1, 160, 106, 68, 116, 123, 126, 32, 183, 181, 127, 26, 0]
Time: 7.083seg 

TENURE=100_PROB_0.75_BEST
Best solution: Solution: cost=[-5328.0], size=[130], elements=[108, 140, 66, 53, 155, 165, 189, 171, 16, 34, 56, 72, 51, 167, 46, 148, 92, 175, 100, 23, 129, 154, 29, 4, 82, 28, 125, 169, 70, 44, 54, 12, 30, 181, 117, 68, 119, 6, 17, 11, 157, 84, 138, 133, 69, 106, 1, 81, 162, 86, 85, 185, 141, 179, 90, 8, 87, 150, 101, 21, 50, 77, 131, 25, 164, 9, 118, 136, 41, 7, 47, 139, 94, 32, 126, 116, 161, 67, 184, 193, 192, 196, 48, 147, 110, 145, 114, 174, 134, 49, 63, 172, 124, 99, 113, 111, 95, 45, 198, 83, 170, 121, 13, 58, 137, 166, 19, 31, 176, 61, 103, 18, 158, 160, 80, 52, 163, 143, 65, 127, 88, 177, 62, 153, 43, 152, 33, 40, 112, 183]
Time: 301.074seg 

TENURE=100_DIV_100_FIRST
Best solution: Solution: cost=[-5298.0], size=[128], elements=[4, 6, 117, 21, 145, 68, 19, 155, 31, 171, 119, 125, 16, 30, 51, 54, 160, 86, 106, 52, 131, 137, 80, 162, 179, 81, 101, 150, 192, 127, 87, 84, 69, 7, 157, 147, 114, 154, 49, 174, 95, 85, 76, 108, 11, 67, 45, 12, 141, 99, 70, 138, 66, 185, 34, 181, 167, 23, 17, 37, 56, 140, 44, 166, 100, 90, 48, 61, 111, 165, 121, 122, 43, 195, 175, 148, 196, 72, 152, 53, 189, 193, 124, 172, 13, 110, 176, 184, 161, 163, 158, 83, 134, 118, 63, 33, 73, 198, 129, 77, 25, 1, 58, 92, 169, 18, 46, 126, 170, 123, 113, 9, 143, 103, 41, 94, 65, 153, 28, 88, 29, 133, 136, 8, 15, 40, 47, 164]
Time: 7.092seg 

TENURE=100_DIV_100_BEST
Best solution: Solution: cost=[-5338.0], size=[126], elements=[108, 140, 66, 53, 155, 165, 189, 171, 16, 34, 56, 72, 51, 167, 46, 148, 92, 175, 100, 23, 129, 154, 29, 4, 82, 44, 12, 54, 70, 141, 169, 30, 125, 138, 157, 68, 17, 119, 99, 80, 84, 11, 111, 117, 181, 81, 69, 28, 136, 131, 133, 85, 9, 48, 145, 134, 7, 116, 179, 164, 183, 25, 185, 77, 8, 196, 50, 87, 172, 90, 45, 184, 94, 193, 110, 114, 147, 49, 158, 101, 83, 166, 63, 160, 106, 86, 32, 124, 162, 1, 192, 31, 19, 67, 21, 174, 161, 126, 6, 103, 18, 127, 163, 118, 13, 137, 61, 95, 58, 176, 150, 41, 139, 88, 170, 143, 62, 52, 198, 113, 112, 153, 33, 0, 180, 76]
Time: 14.901seg 

TENURE=100_DIV_10_FIRST
Best solution: Solution: cost=[-5069.0], size=[123], elements=[4, 103, 5, 6, 125, 19, 166, 30, 164, 72, 148, 74, 62, 63, 176, 108, 126, 169, 46, 167, 184, 51, 136, 21, 145, 137, 58, 23, 155, 199, 131, 129, 92, 77, 25, 123, 18, 113, 54, 95, 70, 116, 110, 55, 7, 28, 9, 112, 117, 179, 139, 89, 141, 32, 104, 157, 94, 86, 192, 162, 81, 56, 85, 82, 69, 183, 107, 161, 133, 193, 196, 172, 119, 65, 87, 83, 49, 31, 174, 17, 1, 114, 143, 170, 88, 12, 84, 11, 198, 67, 34, 100, 66, 138, 99, 101, 106, 45, 124, 61, 41, 80, 52, 50, 29, 154, 171, 153, 181, 111, 8, 48, 43, 121, 15, 147, 16, 90, 13, 175, 44, 26, 0]
Time: 4.749seg 

TENURE=100_DIV_10_BEST
Best solution: Solution: cost=[-5306.0], size=[122], elements=[4, 6, 117, 21, 145, 68, 19, 155, 31, 58, 108, 67, 49, 121, 125, 166, 143, 23, 119, 95, 196, 106, 80, 66, 137, 184, 46, 147, 110, 43, 63, 126, 170, 173, 7, 72, 140, 167, 37, 162, 16, 86, 30, 164, 148, 179, 48, 195, 124, 157, 17, 172, 81, 123, 69, 171, 111, 56, 11, 85, 134, 113, 100, 99, 51, 174, 65, 133, 118, 131, 83, 176, 181, 101, 87, 127, 44, 9, 192, 198, 54, 70, 129, 25, 18, 84, 34, 52, 103, 175, 92, 154, 158, 77, 15, 122, 73, 141, 13, 90, 61, 193, 45, 114, 94, 160, 47, 165, 1, 12, 50, 29, 153, 88, 177, 136, 169, 138, 53, 156, 32, 26]
Time: 6.308seg 

