TENURE=20_DEFAULT_FIRST
Best solution: Solution: cost=[-13657.0], size=[255], elements=[91, 9, 393, 50, 283, 140, 293, 326, 229, 10, 154, 307, 365, 32, 297, 327, 382, 29, 139, 367, 51, 7, 104, 324, 82, 291, 177, 70, 231, 200, 328, 336, 246, 226, 72, 279, 239, 347, 247, 183, 381, 141, 390, 245, 136, 289, 274, 361, 373, 224, 101, 1, 126, 54, 30, 92, 389, 108, 350, 18, 216, 113, 207, 169, 47, 25, 129, 123, 56, 188, 342, 100, 181, 211, 124, 148, 332, 158, 240, 125, 298, 235, 167, 376, 354, 288, 159, 21, 16, 300, 299, 296, 134, 103, 306, 175, 17, 383, 227, 323, 215, 284, 65, 352, 87, 170, 83, 312, 96, 160, 290, 61, 391, 97, 192, 351, 249, 317, 94, 99, 316, 138, 157, 15, 172, 196, 174, 273, 49, 119, 368, 121, 85, 325, 111, 155, 309, 110, 95, 366, 166, 23, 5, 63, 4, 285, 114, 208, 236, 81, 385, 304, 143, 220, 244, 156, 190, 20, 263, 28, 69, 397, 195, 360, 76, 303, 250, 146, 228, 80, 131, 260, 387, 251, 378, 371, 311, 243, 395, 88, 66, 348, 8, 77, 184, 84, 162, 206, 31, 179, 230, 339, 34, 265, 107, 398, 53, 11, 38, 193, 272, 164, 62, 320, 377, 233, 223, 35, 165, 380, 44, 356, 58, 384, 253, 198, 269, 168, 75, 147, 314, 277, 374, 248, 151, 127, 331, 258, 205, 301, 133, 363, 338, 40, 73, 386, 232, 24, 132, 266, 12, 359, 3, 6, 14, 19, 45, 48, 64, 67, 89, 90, 93, 102, 105]
Time: 105.237seg 

TENURE=20_DEFAULT_BEST
Best solution: Solution: cost=[-14778.0], size=[247], elements=[277, 299, 328, 53, 150, 201, 236, 327, 73, 377, 77, 159, 40, 103, 158, 30, 4, 218, 245, 162, 179, 114, 153, 241, 285, 133, 80, 350, 143, 20, 100, 125, 52, 206, 286, 16, 263, 136, 386, 131, 54, 137, 259, 250, 244, 251, 81, 28, 119, 155, 312, 265, 23, 5, 93, 354, 398, 288, 211, 83, 183, 366, 48, 352, 317, 323, 17, 111, 157, 232, 63, 94, 95, 370, 19, 156, 171, 229, 49, 69, 192, 215, 325, 342, 166, 190, 368, 378, 164, 97, 373, 339, 304, 258, 91, 11, 387, 348, 148, 296, 51, 15, 385, 121, 10, 124, 247, 110, 332, 70, 336, 18, 208, 239, 309, 62, 85, 99, 154, 200, 306, 87, 25, 129, 307, 316, 108, 65, 380, 230, 383, 177, 75, 253, 376, 193, 246, 196, 301, 220, 147, 72, 152, 84, 101, 172, 7, 9, 47, 44, 56, 272, 295, 216, 199, 92, 228, 151, 67, 234, 289, 397, 195, 1, 117, 167, 205, 174, 21, 170, 389, 371, 165, 381, 132, 223, 141, 351, 276, 363, 209, 291, 349, 320, 290, 38, 273, 227, 88, 266, 324, 76, 298, 233, 231, 303, 66, 82, 184, 34, 24, 58, 391, 395, 198, 163, 357, 173, 221, 61, 359, 168, 240, 112, 314, 138, 139, 382, 362, 64, 300, 6, 140, 50, 293, 393, 283, 226, 329, 12, 260, 308, 120, 8, 235, 107, 145, 32, 3, 29, 375, 274, 269, 187, 96, 365, 144]
Time: 1801.558seg 

TENURE=20_PROB_0.25_FIRST
Best solution: Solution: cost=[-13634.0], size=[251], elements=[393, 326, 31, 140, 30, 270, 68, 58, 257, 49, 121, 229, 10, 335, 386, 19, 154, 126, 354, 237, 361, 284, 289, 381, 155, 124, 132, 385, 287, 168, 281, 148, 78, 347, 7, 389, 144, 230, 338, 3, 329, 16, 352, 63, 368, 27, 179, 274, 398, 319, 53, 84, 38, 387, 157, 288, 122, 25, 107, 312, 123, 357, 290, 264, 307, 365, 158, 73, 190, 279, 260, 293, 130, 297, 327, 56, 246, 6, 159, 239, 125, 76, 127, 205, 51, 382, 236, 102, 371, 300, 325, 227, 1, 359, 362, 306, 104, 200, 245, 296, 339, 139, 328, 170, 215, 40, 247, 28, 47, 69, 316, 317, 231, 355, 136, 91, 92, 70, 72, 183, 131, 299, 145, 211, 369, 77, 82, 32, 162, 80, 258, 263, 323, 98, 332, 165, 399, 166, 272, 110, 66, 18, 177, 373, 134, 17, 167, 100, 119, 196, 85, 83, 277, 224, 318, 342, 44, 201, 395, 187, 366, 41, 301, 14, 311, 11, 67, 96, 208, 378, 265, 15, 95, 376, 21, 48, 65, 99, 94, 114, 240, 174, 251, 147, 233, 363, 120, 103, 228, 88, 153, 324, 336, 156, 111, 54, 309, 221, 207, 348, 43, 195, 250, 220, 191, 383, 22, 24, 223, 34, 394, 184, 113, 367, 391, 163, 112, 295, 5, 116, 164, 218, 320, 304, 178, 129, 377, 9, 75, 216, 101, 108, 62, 298, 390, 149, 198, 193, 210, 291, 244, 252, 81, 192, 397, 388, 273, 2, 97, 232, 4]
Time: 26.75seg 

TENURE=20_PROB_0.25_BEST
Best solution: Solution: cost=[-14543.0], size=[236], elements=[50, 192, 21, 328, 139, 247, 150, 332, 47, 164, 101, 300, 327, 304, 87, 351, 227, 385, 167, 17, 119, 162, 160, 124, 354, 170, 312, 381, 155, 54, 4, 30, 25, 16, 190, 289, 316, 53, 93, 77, 299, 395, 309, 277, 6, 99, 250, 220, 366, 94, 114, 156, 323, 138, 147, 145, 307, 174, 103, 265, 211, 216, 196, 218, 97, 100, 154, 92, 32, 306, 51, 148, 208, 69, 169, 70, 383, 1, 293, 72, 62, 324, 240, 233, 291, 65, 229, 231, 177, 125, 18, 376, 288, 5, 215, 350, 209, 159, 336, 285, 239, 10, 223, 377, 158, 85, 73, 83, 296, 246, 129, 253, 108, 241, 317, 81, 290, 183, 112, 82, 136, 9, 329, 166, 206, 20, 389, 7, 274, 153, 80, 259, 263, 387, 201, 236, 368, 245, 143, 23, 28, 200, 348, 75, 352, 38, 88, 384, 49, 58, 363, 157, 172, 56, 195, 303, 111, 228, 251, 370, 266, 325, 320, 131, 371, 121, 179, 273, 244, 63, 342, 11, 171, 386, 378, 64, 362, 110, 339, 258, 95, 133, 230, 295, 44, 380, 301, 205, 165, 398, 397, 15, 168, 173, 356, 184, 349, 40, 373, 134, 84, 24, 48, 91, 198, 193, 393, 226, 66, 34, 390, 283, 234, 29, 276, 113, 298, 187, 359, 199, 96, 260, 117, 141, 151, 272, 331, 107, 232, 382, 181, 286, 118, 163, 76, 3]
Time: 384.546seg 

TENURE=20_PROB_0.5_FIRST
Best solution: Solution: cost=[-13668.0], size=[260], elements=[35, 393, 326, 31, 140, 30, 270, 68, 58, 257, 49, 121, 229, 10, 335, 386, 19, 154, 126, 354, 237, 361, 284, 289, 381, 155, 124, 132, 385, 287, 168, 281, 148, 78, 347, 7, 389, 144, 230, 338, 3, 329, 16, 352, 63, 368, 27, 179, 274, 398, 53, 319, 84, 38, 387, 157, 288, 122, 25, 107, 312, 123, 290, 357, 264, 307, 365, 158, 73, 190, 279, 260, 293, 130, 297, 327, 56, 246, 6, 239, 159, 125, 76, 317, 28, 296, 236, 245, 102, 139, 382, 51, 300, 1, 227, 104, 127, 306, 17, 323, 69, 47, 273, 362, 215, 57, 92, 136, 177, 82, 316, 339, 189, 70, 214, 251, 208, 15, 18, 32, 114, 247, 349, 110, 272, 371, 332, 224, 80, 196, 211, 183, 134, 145, 72, 328, 9, 21, 174, 166, 228, 216, 131, 113, 85, 100, 399, 359, 165, 299, 325, 263, 331, 369, 258, 231, 77, 162, 167, 50, 83, 98, 88, 66, 149, 397, 303, 395, 138, 348, 24, 373, 220, 192, 44, 48, 101, 366, 95, 200, 54, 394, 11, 169, 265, 99, 342, 195, 156, 94, 324, 151, 309, 277, 111, 232, 34, 67, 14, 221, 119, 318, 376, 250, 223, 187, 256, 65, 201, 372, 356, 301, 173, 147, 233, 170, 355, 374, 364, 240, 163, 391, 367, 383, 336, 153, 378, 164, 193, 103, 62, 380, 244, 172, 320, 5, 160, 2, 87, 41, 304, 219, 291, 218, 97, 295, 184, 253, 377, 109, 276, 75, 241, 116, 334, 285, 248, 152, 390, 0]
Time: 29.689seg 

TENURE=20_PROB_0.5_BEST
Best solution: Solution: cost=[-14784.0], size=[250], elements=[328, 150, 304, 125, 143, 206, 327, 153, 181, 9, 377, 80, 277, 285, 263, 222, 386, 23, 108, 54, 350, 336, 87, 50, 111, 129, 158, 47, 51, 286, 177, 159, 382, 293, 77, 373, 25, 156, 276, 370, 229, 73, 303, 17, 155, 201, 119, 265, 296, 342, 323, 16, 165, 245, 30, 258, 247, 162, 179, 307, 317, 95, 211, 70, 395, 114, 28, 332, 376, 148, 66, 312, 69, 306, 380, 240, 53, 100, 84, 18, 11, 352, 157, 339, 154, 10, 316, 187, 110, 383, 244, 366, 140, 49, 354, 83, 288, 368, 92, 171, 101, 253, 269, 172, 138, 289, 85, 99, 387, 196, 378, 236, 208, 5, 166, 163, 299, 357, 44, 4, 147, 234, 48, 82, 94, 309, 348, 75, 97, 15, 216, 124, 273, 6, 93, 67, 272, 215, 301, 145, 19, 65, 291, 239, 189, 192, 31, 381, 1, 141, 389, 121, 393, 318, 398, 230, 397, 246, 193, 384, 56, 195, 325, 34, 183, 72, 103, 7, 81, 167, 64, 300, 136, 259, 250, 62, 168, 174, 63, 173, 295, 290, 221, 231, 200, 184, 38, 308, 76, 137, 324, 241, 223, 218, 20, 364, 139, 209, 233, 190, 320, 88, 362, 363, 220, 251, 131, 107, 170, 198, 133, 371, 349, 359, 227, 338, 260, 199, 266, 132, 151, 21, 52, 58, 351, 391, 284, 112, 40, 61, 375, 204, 142, 385, 117, 205, 232, 90, 360, 237, 326, 298, 3, 41, 314, 8, 365, 335, 219, 152]
Time: 1647.447seg 

TENURE=20_PROB_0.75_FIRST
Best solution: Solution: cost=[-14009.0], size=[267], elements=[393, 326, 293, 270, 140, 9, 335, 50, 327, 380, 10, 47, 377, 108, 54, 307, 235, 269, 216, 101, 229, 240, 68, 180, 51, 385, 30, 382, 350, 75, 129, 276, 222, 306, 285, 29, 305, 92, 158, 386, 154, 25, 373, 253, 304, 206, 16, 177, 323, 15, 332, 389, 312, 148, 97, 296, 265, 211, 100, 155, 288, 159, 5, 125, 354, 156, 231, 328, 66, 18, 187, 70, 289, 80, 124, 181, 138, 366, 376, 371, 208, 244, 1, 245, 234, 20, 17, 167, 247, 23, 201, 368, 119, 263, 28, 317, 342, 333, 277, 134, 352, 84, 196, 49, 87, 111, 172, 200, 95, 360, 77, 383, 384, 236, 8, 94, 136, 165, 183, 121, 174, 147, 83, 110, 378, 85, 157, 286, 44, 166, 357, 318, 339, 395, 299, 359, 162, 153, 258, 58, 131, 191, 7, 114, 69, 81, 72, 12, 324, 99, 316, 336, 370, 230, 82, 309, 3, 387, 365, 32, 251, 4, 375, 53, 48, 67, 150, 246, 348, 168, 381, 239, 179, 141, 291, 303, 184, 241, 41, 308, 56, 325, 76, 11, 226, 24, 259, 195, 331, 232, 215, 274, 34, 224, 210, 221, 223, 139, 278, 62, 298, 218, 137, 192, 171, 398, 273, 300, 260, 250, 397, 133, 301, 173, 63, 38, 93, 52, 19, 145, 237, 394, 117, 275, 6, 391, 233, 355, 284, 132, 199, 220, 164, 103, 61, 193, 340, 64, 271, 362, 320, 272, 112, 88, 65, 227, 266, 349, 21, 170, 73, 198, 295, 290, 96, 90, 143, 363, 209, 364, 151, 160, 31, 390, 189, 0, 14]
Time: 29.106seg 

TENURE=20_PROB_0.75_BEST
Best solution: Solution: cost=[-14810.0], size=[254], elements=[4, 117, 6, 383, 171, 19, 145, 155, 31, 21, 284, 316, 119, 187, 53, 99, 312, 375, 69, 162, 67, 159, 199, 398, 17, 61, 354, 90, 114, 30, 266, 342, 327, 382, 87, 339, 230, 157, 62, 365, 150, 201, 137, 179, 63, 368, 352, 288, 49, 16, 190, 397, 152, 100, 151, 250, 84, 80, 52, 350, 11, 285, 132, 23, 277, 73, 259, 229, 192, 77, 164, 386, 12, 370, 336, 153, 10, 239, 7, 247, 28, 70, 318, 148, 168, 301, 93, 166, 44, 158, 125, 359, 362, 273, 244, 380, 309, 304, 299, 300, 328, 124, 183, 147, 366, 81, 141, 174, 245, 265, 307, 332, 211, 258, 323, 231, 156, 289, 54, 351, 97, 47, 25, 276, 208, 167, 108, 51, 317, 1, 50, 101, 306, 64, 235, 385, 165, 181, 154, 236, 195, 227, 325, 34, 381, 110, 95, 85, 220, 83, 172, 18, 131, 111, 48, 65, 196, 170, 163, 303, 360, 136, 173, 92, 378, 371, 177, 320, 269, 253, 121, 291, 286, 5, 260, 377, 76, 251, 389, 216, 215, 391, 324, 263, 94, 82, 290, 240, 103, 72, 129, 387, 293, 9, 66, 373, 193, 246, 296, 206, 348, 308, 20, 88, 363, 228, 56, 393, 200, 376, 219, 38, 272, 395, 223, 140, 233, 314, 234, 142, 58, 75, 112, 184, 138, 241, 295, 15, 143, 218, 189, 198, 298, 133, 326, 222, 209, 139, 364, 349, 40, 338, 232, 205, 41, 384, 107, 204, 357, 237, 221, 0, 8, 3]
Time: 1800.125seg 

TENURE=20_DIV_100_FIRST
Best solution: Solution: cost=[-13749.0], size=[257], elements=[104, 50, 192, 388, 21, 328, 139, 247, 150, 332, 47, 164, 235, 101, 300, 327, 304, 353, 87, 351, 61, 326, 227, 385, 102, 382, 224, 167, 17, 119, 284, 374, 162, 338, 160, 68, 4, 54, 269, 219, 30, 51, 347, 155, 124, 354, 145, 25, 399, 211, 376, 127, 372, 294, 98, 297, 216, 148, 288, 249, 289, 364, 312, 381, 323, 114, 293, 94, 233, 156, 138, 53, 159, 274, 99, 69, 32, 316, 3, 96, 358, 140, 307, 390, 365, 245, 231, 141, 309, 324, 299, 333, 187, 174, 240, 97, 100, 16, 165, 29, 147, 134, 154, 183, 1, 70, 201, 62, 371, 177, 320, 359, 66, 335, 221, 386, 218, 10, 9, 80, 73, 208, 306, 397, 78, 290, 196, 246, 72, 230, 92, 103, 301, 65, 356, 157, 277, 28, 263, 296, 18, 265, 220, 366, 190, 132, 111, 75, 367, 223, 86, 85, 368, 250, 125, 158, 136, 49, 352, 355, 239, 107, 380, 44, 76, 166, 383, 373, 95, 110, 205, 7, 295, 131, 129, 83, 387, 200, 23, 244, 395, 311, 41, 5, 350, 264, 236, 170, 172, 195, 339, 179, 215, 398, 193, 314, 45, 77, 391, 63, 38, 272, 56, 298, 207, 84, 35, 260, 254, 11, 248, 189, 285, 133, 108, 317, 198, 348, 336, 15, 291, 153, 88, 362, 378, 357, 276, 377, 343, 286, 229, 259, 171, 121, 81, 273, 325, 151, 342, 349, 251, 82, 142, 363, 168, 393, 389, 318, 152, 258, 144, 12, 14, 19, 20, 31, 40]
Time: 22.081seg 

TENURE=20_DIV_100_BEST
Best solution: Solution: cost=[-14464.0], size=[249], elements=[50, 192, 21, 328, 139, 247, 150, 332, 47, 164, 101, 300, 327, 304, 87, 351, 227, 385, 382, 167, 17, 119, 284, 162, 338, 124, 354, 170, 41, 312, 381, 347, 155, 54, 4, 30, 25, 365, 16, 190, 289, 316, 53, 93, 77, 299, 132, 395, 309, 277, 6, 140, 187, 99, 250, 220, 199, 366, 94, 114, 156, 323, 145, 19, 307, 141, 138, 147, 174, 103, 265, 211, 216, 196, 218, 97, 100, 154, 92, 32, 306, 51, 148, 208, 69, 169, 70, 383, 1, 293, 62, 72, 324, 240, 233, 291, 65, 229, 231, 177, 125, 18, 288, 5, 350, 215, 209, 159, 336, 285, 239, 234, 10, 223, 377, 158, 85, 73, 83, 296, 246, 129, 253, 357, 108, 241, 317, 81, 290, 183, 112, 82, 136, 9, 329, 166, 206, 20, 389, 7, 274, 153, 80, 259, 263, 387, 286, 201, 236, 368, 245, 143, 23, 28, 348, 200, 75, 352, 375, 38, 88, 49, 384, 58, 363, 157, 137, 172, 56, 195, 303, 111, 228, 251, 181, 266, 131, 371, 320, 325, 31, 370, 121, 179, 273, 244, 272, 107, 63, 342, 11, 171, 386, 378, 64, 362, 110, 339, 258, 95, 133, 151, 230, 295, 44, 380, 301, 364, 165, 397, 398, 15, 168, 173, 221, 260, 184, 349, 40, 3, 48, 67, 373, 52, 237, 308, 393, 276, 117, 314, 204, 163, 388, 198, 376, 34, 331, 356, 319, 91, 333, 57, 232, 359, 205, 61, 76, 86, 104]
Time: 132.141seg 

TENURE=20_DIV_10_FIRST
Best solution: Solution: cost=[-13563.0], size=[256], elements=[252, 180, 104, 50, 192, 388, 21, 328, 139, 247, 150, 332, 353, 164, 235, 327, 87, 47, 304, 101, 300, 351, 61, 326, 227, 385, 102, 382, 224, 167, 17, 119, 284, 374, 162, 338, 160, 124, 399, 354, 68, 170, 41, 372, 4, 347, 54, 155, 30, 211, 219, 25, 376, 51, 127, 381, 145, 98, 312, 316, 297, 16, 147, 365, 138, 288, 269, 58, 6, 114, 250, 294, 93, 323, 94, 289, 293, 274, 216, 319, 309, 95, 249, 97, 169, 32, 154, 29, 299, 307, 123, 99, 390, 148, 141, 19, 140, 70, 333, 241, 231, 233, 158, 187, 197, 383, 291, 190, 177, 18, 125, 367, 65, 96, 134, 92, 306, 156, 77, 53, 159, 265, 199, 62, 358, 5, 136, 1, 103, 239, 317, 395, 28, 42, 132, 277, 240, 350, 229, 100, 368, 296, 389, 245, 209, 215, 83, 276, 285, 38, 172, 72, 324, 78, 259, 263, 272, 85, 223, 56, 196, 166, 69, 174, 290, 82, 112, 342, 357, 220, 246, 208, 236, 108, 153, 7, 63, 49, 329, 157, 88, 110, 183, 207, 195, 80, 264, 301, 331, 143, 387, 325, 201, 371, 393, 359, 14, 76, 163, 31, 81, 336, 366, 303, 200, 226, 11, 378, 352, 244, 348, 168, 273, 283, 10, 66, 363, 44, 398, 397, 9, 171, 386, 107, 362, 121, 151, 311, 152, 391, 23, 20, 179, 320, 356, 131, 193, 260, 373, 339, 230, 15, 84, 35, 91, 111, 48, 370, 228, 165, 279, 377, 206, 258, 3, 2]
Time: 15.525seg 

TENURE=20_DIV_10_BEST
Best solution: Solution: cost=[-14396.0], size=[251], elements=[230, 87, 316, 10, 84, 211, 247, 307, 12, 229, 352, 154, 373, 159, 339, 114, 7, 306, 70, 80, 375, 386, 69, 362, 378, 289, 245, 49, 108, 129, 117, 120, 231, 279, 361, 200, 387, 136, 321, 119, 125, 368, 1, 237, 72, 285, 168, 163, 382, 359, 77, 222, 360, 206, 158, 22, 66, 184, 23, 191, 277, 82, 183, 196, 342, 166, 259, 328, 187, 258, 201, 236, 190, 327, 100, 153, 155, 263, 366, 398, 28, 53, 244, 290, 5, 92, 301, 377, 18, 103, 250, 67, 6, 288, 354, 148, 312, 162, 286, 265, 336, 239, 17, 30, 376, 383, 95, 317, 293, 25, 63, 16, 299, 177, 73, 370, 48, 157, 260, 380, 251, 303, 111, 107, 24, 179, 240, 15, 296, 20, 350, 357, 393, 389, 58, 246, 253, 50, 208, 110, 4, 171, 34, 19, 85, 90, 365, 131, 121, 137, 64, 325, 75, 76, 94, 335, 348, 309, 308, 74, 371, 14, 11, 332, 88, 218, 97, 29, 238, 62, 133, 143, 221, 220, 164, 228, 151, 150, 363, 193, 44, 165, 195, 56, 96, 304, 205, 241, 323, 320, 51, 295, 83, 147, 219, 234, 233, 209, 227, 326, 182, 364, 291, 274, 89, 139, 47, 298, 198, 38, 223, 272, 101, 61, 124, 266, 170, 215, 391, 269, 156, 324, 216, 174, 65, 192, 384, 81, 54, 126, 9, 390, 99, 311, 152, 132, 141, 318, 395, 273, 276, 349, 93, 173, 351, 8, 172, 138, 112, 21, 232]
Time: 27.553seg 

TENURE=100_DEFAULT_FIRST
Best solution: Solution: cost=[-13891.0], size=[258], elements=[35, 108, 328, 53, 66, 187, 140, 393, 326, 220, 68, 358, 155, 72, 31, 138, 339, 51, 230, 10, 279, 154, 189, 335, 229, 386, 171, 307, 270, 12, 50, 82, 100, 16, 316, 306, 382, 44, 221, 84, 246, 295, 296, 373, 258, 380, 226, 157, 150, 239, 327, 70, 247, 177, 14, 301, 196, 193, 300, 287, 284, 225, 0, 139, 17, 374, 57, 379, 56, 364, 76, 133, 104, 7, 180, 365, 41, 188, 357, 318, 297, 134, 148, 312, 153, 30, 47, 160, 277, 179, 201, 329, 342, 116, 119, 1, 125, 245, 240, 168, 28, 376, 159, 293, 383, 223, 167, 165, 211, 395, 3, 69, 25, 131, 289, 156, 80, 54, 367, 355, 208, 323, 299, 110, 85, 381, 309, 18, 114, 86, 9, 387, 368, 166, 183, 336, 162, 65, 94, 99, 394, 163, 136, 325, 359, 233, 158, 371, 332, 62, 132, 174, 24, 385, 304, 11, 391, 278, 288, 124, 63, 97, 352, 331, 147, 250, 260, 95, 366, 200, 101, 317, 272, 77, 360, 281, 265, 172, 92, 236, 83, 285, 244, 49, 215, 378, 5, 356, 23, 350, 303, 291, 192, 190, 320, 38, 195, 263, 88, 324, 273, 15, 251, 253, 96, 20, 121, 348, 151, 362, 164, 112, 21, 227, 170, 269, 290, 274, 259, 216, 103, 61, 248, 232, 207, 143, 311, 354, 338, 390, 384, 389, 75, 141, 67, 237, 48, 219, 254, 397, 152, 32, 349, 4, 40, 224, 398, 145, 107, 34, 111, 87, 298, 58, 19, 218, 127, 241]
Time: 63.504seg 

TENURE=100_DEFAULT_BEST
Best solution: Solution: cost=[-14323.0], size=[250], elements=[35, 393, 293, 140, 9, 335, 50, 47, 54, 235, 327, 385, 269, 76, 174, 1, 219, 12, 359, 390, 382, 381, 226, 139, 298, 284, 245, 365, 41, 227, 200, 328, 373, 66, 303, 101, 291, 324, 104, 246, 61, 297, 260, 300, 193, 160, 124, 121, 25, 155, 183, 254, 247, 70, 18, 141, 177, 220, 338, 7, 167, 196, 166, 351, 158, 52, 85, 342, 30, 87, 138, 51, 296, 84, 62, 215, 216, 94, 347, 131, 207, 111, 100, 32, 83, 263, 323, 157, 283, 376, 307, 154, 332, 103, 20, 211, 354, 96, 134, 99, 288, 271, 44, 56, 192, 17, 113, 125, 289, 290, 312, 201, 97, 148, 397, 233, 306, 69, 237, 143, 208, 16, 49, 82, 224, 114, 240, 14, 352, 236, 368, 229, 119, 53, 28, 179, 360, 162, 67, 317, 190, 65, 265, 15, 389, 92, 230, 273, 285, 77, 241, 159, 136, 314, 156, 386, 277, 11, 350, 304, 278, 81, 339, 299, 325, 309, 151, 259, 172, 232, 244, 366, 23, 80, 380, 168, 205, 210, 34, 150, 223, 371, 165, 195, 63, 3, 110, 275, 95, 356, 170, 239, 364, 394, 221, 301, 24, 387, 349, 384, 398, 336, 4, 355, 391, 10, 38, 153, 251, 218, 75, 308, 184, 142, 272, 256, 250, 374, 212, 147, 73, 383, 21, 316, 108, 357, 189, 318, 204, 45, 276, 362, 88, 320, 378, 248, 72, 5, 198, 231, 107, 363, 315, 395, 117, 68, 187, 367, 243, 358]
Time: 1800.07seg 

TENURE=100_PROB_0.25_FIRST
Best solution: Solution: cost=[-13643.0], size=[252], elements=[277, 355, 299, 150, 86, 328, 210, 16, 165, 304, 24, 331, 180, 357, 77, 134, 254, 263, 386, 243, 157, 364, 138, 349, 30, 9, 289, 365, 387, 118, 69, 101, 162, 174, 307, 247, 179, 131, 327, 113, 218, 336, 183, 111, 245, 99, 224, 286, 291, 268, 312, 32, 251, 196, 201, 375, 19, 241, 114, 285, 50, 253, 83, 154, 232, 172, 80, 3, 258, 110, 158, 163, 394, 260, 211, 352, 18, 332, 17, 373, 230, 125, 366, 95, 371, 296, 265, 274, 11, 133, 377, 181, 70, 370, 177, 323, 288, 155, 119, 333, 84, 356, 28, 92, 376, 301, 49, 380, 23, 208, 5, 148, 236, 354, 166, 103, 67, 52, 239, 25, 293, 85, 34, 206, 384, 246, 342, 359, 360, 14, 76, 309, 399, 35, 54, 63, 94, 62, 317, 240, 20, 1, 226, 15, 324, 143, 82, 0, 267, 279, 278, 153, 108, 350, 383, 266, 4, 51, 75, 97, 382, 159, 187, 339, 367, 10, 229, 100, 335, 66, 22, 168, 393, 140, 72, 220, 223, 378, 225, 368, 325, 136, 381, 29, 398, 390, 48, 244, 81, 124, 64, 7, 171, 233, 190, 200, 303, 238, 298, 56, 385, 156, 44, 221, 348, 250, 300, 397, 231, 290, 259, 215, 88, 195, 209, 47, 139, 38, 320, 272, 295, 198, 147, 227, 129, 120, 192, 65, 193, 306, 73, 273, 234, 189, 389, 314, 216, 167, 235, 184, 308, 204, 363, 96, 21, 351, 205, 170, 316, 141, 26, 31]
Time: 17.658seg 

TENURE=100_PROB_0.25_BEST
Best solution: Solution: cost=[-14430.0], size=[245], elements=[277, 355, 299, 364, 150, 103, 77, 131, 375, 53, 201, 327, 328, 157, 38, 312, 153, 162, 163, 159, 199, 28, 98, 40, 69, 236, 382, 30, 342, 245, 224, 67, 47, 119, 1, 84, 124, 354, 247, 179, 376, 111, 239, 17, 114, 125, 368, 289, 49, 385, 211, 127, 18, 263, 143, 384, 96, 134, 195, 374, 14, 76, 332, 219, 20, 80, 290, 371, 16, 240, 352, 244, 158, 274, 88, 251, 387, 359, 288, 170, 205, 295, 7, 230, 155, 338, 259, 373, 166, 56, 100, 21, 323, 66, 357, 339, 48, 44, 165, 11, 147, 83, 265, 95, 307, 154, 296, 196, 200, 272, 246, 72, 63, 183, 148, 24, 208, 304, 97, 227, 99, 51, 167, 174, 220, 70, 85, 145, 25, 383, 121, 362, 190, 94, 233, 298, 45, 278, 309, 216, 187, 142, 65, 73, 293, 177, 381, 10, 284, 250, 324, 316, 136, 325, 139, 223, 132, 378, 300, 3, 110, 393, 192, 229, 62, 253, 389, 204, 168, 260, 286, 350, 390, 386, 54, 363, 301, 311, 366, 218, 398, 107, 193, 215, 237, 318, 151, 306, 15, 104, 248, 273, 57, 232, 285, 101, 377, 269, 9, 156, 397, 171, 348, 221, 75, 133, 87, 308, 349, 320, 336, 140, 365, 61, 152, 291, 189, 380, 4, 241, 317, 303, 138, 225, 6, 108, 226, 5, 93, 82, 64, 258, 184, 231, 391, 50, 92, 276, 23, 129, 395, 347, 144, 164, 173]
Time: 362.074seg 

TENURE=100_PROB_0.5_FIRST
Best solution: Solution: cost=[-13888.0], size=[256], elements=[108, 140, 155, 66, 53, 328, 171, 327, 373, 260, 279, 226, 246, 293, 206, 240, 14, 342, 84, 138, 359, 193, 70, 232, 90, 34, 254, 285, 263, 69, 179, 360, 211, 97, 386, 229, 335, 9, 377, 101, 307, 159, 100, 322, 181, 50, 87, 289, 245, 390, 323, 393, 244, 16, 168, 253, 82, 382, 162, 350, 236, 80, 158, 151, 220, 25, 51, 177, 40, 64, 269, 54, 1, 303, 154, 148, 399, 286, 62, 385, 18, 163, 378, 143, 129, 306, 208, 131, 76, 110, 28, 125, 196, 250, 296, 376, 95, 85, 166, 339, 119, 23, 7, 49, 56, 290, 165, 72, 111, 368, 157, 312, 94, 44, 288, 17, 383, 370, 201, 92, 247, 77, 172, 29, 332, 352, 371, 366, 150, 277, 309, 114, 153, 304, 88, 11, 294, 174, 227, 259, 147, 195, 47, 210, 48, 136, 251, 81, 183, 83, 381, 331, 141, 325, 380, 238, 320, 364, 278, 336, 24, 30, 291, 324, 120, 139, 349, 73, 298, 233, 223, 218, 209, 10, 38, 299, 387, 276, 308, 198, 384, 348, 200, 63, 362, 274, 363, 45, 361, 15, 215, 272, 287, 58, 398, 180, 394, 357, 99, 134, 265, 8, 107, 273, 395, 121, 5, 124, 224, 156, 354, 22, 192, 266, 391, 133, 103, 301, 221, 67, 239, 41, 170, 184, 96, 6, 187, 300, 216, 65, 231, 167, 317, 241, 222, 20, 75, 258, 118, 365, 57, 297, 160, 127, 4, 19, 117, 389, 112, 230, 68, 12, 3, 21, 32, 31]
Time: 20.378seg 

TENURE=100_PROB_0.5_BEST
Best solution: Solution: cost=[-14572.0], size=[256], elements=[108, 235, 140, 155, 66, 53, 328, 171, 327, 373, 260, 279, 226, 246, 293, 206, 240, 14, 342, 84, 138, 359, 193, 70, 232, 34, 285, 263, 69, 179, 360, 211, 97, 386, 229, 335, 9, 377, 101, 307, 159, 100, 50, 181, 87, 289, 56, 16, 323, 244, 352, 162, 245, 393, 28, 390, 168, 350, 151, 331, 80, 250, 54, 158, 23, 376, 383, 153, 339, 11, 154, 25, 51, 125, 247, 119, 177, 18, 111, 129, 165, 306, 296, 196, 110, 95, 312, 44, 7, 157, 166, 131, 286, 107, 85, 148, 380, 253, 258, 30, 19, 336, 304, 10, 288, 201, 183, 301, 366, 277, 318, 354, 398, 387, 357, 378, 49, 364, 230, 134, 220, 76, 236, 208, 15, 83, 82, 94, 99, 316, 397, 290, 355, 394, 174, 24, 121, 67, 349, 117, 147, 309, 368, 124, 195, 1, 384, 205, 371, 332, 219, 259, 291, 239, 325, 73, 385, 114, 381, 348, 224, 47, 160, 20, 17, 48, 63, 209, 172, 194, 5, 234, 363, 233, 133, 156, 200, 317, 150, 370, 118, 77, 265, 62, 163, 222, 382, 152, 303, 72, 92, 31, 88, 295, 136, 273, 320, 173, 38, 272, 251, 192, 127, 218, 299, 57, 374, 356, 189, 65, 294, 227, 215, 221, 324, 143, 223, 256, 190, 362, 274, 300, 93, 132, 81, 139, 198, 391, 395, 389, 3, 284, 167, 231, 184, 58, 351, 170, 241, 169, 338, 276, 103, 164, 216, 4, 6, 75, 347, 199, 21, 98, 145, 61, 40, 266]
Time: 1768.659seg 

TENURE=100_PROB_0.75_FIRST
Best solution: Solution: cost=[-14122.0], size=[256], elements=[316, 328, 87, 327, 304, 206, 285, 276, 222, 170, 336, 360, 108, 373, 277, 377, 177, 80, 263, 158, 259, 286, 125, 253, 70, 54, 366, 129, 23, 155, 5, 231, 289, 156, 18, 111, 386, 92, 211, 320, 378, 95, 119, 77, 66, 244, 120, 153, 55, 350, 117, 359, 288, 370, 46, 136, 44, 100, 159, 358, 143, 279, 131, 181, 301, 342, 265, 258, 10, 223, 256, 323, 312, 94, 250, 154, 306, 163, 380, 236, 83, 15, 16, 147, 51, 165, 287, 398, 196, 251, 172, 110, 356, 28, 107, 187, 296, 41, 56, 148, 325, 363, 166, 193, 387, 183, 208, 372, 220, 151, 121, 195, 171, 69, 85, 34, 309, 11, 25, 72, 299, 88, 7, 157, 84, 303, 184, 192, 229, 368, 383, 73, 4, 310, 230, 190, 167, 362, 17, 234, 82, 339, 361, 191, 22, 307, 233, 101, 168, 281, 152, 47, 48, 9, 179, 81, 162, 53, 240, 65, 133, 114, 241, 99, 317, 205, 293, 239, 352, 200, 375, 391, 164, 97, 174, 228, 63, 91, 75, 103, 348, 272, 38, 395, 30, 242, 76, 273, 397, 331, 246, 332, 291, 324, 215, 49, 376, 169, 314, 245, 1, 216, 290, 124, 227, 247, 295, 62, 371, 198, 58, 31, 381, 127, 354, 385, 389, 218, 160, 21, 266, 145, 6, 274, 29, 24, 139, 138, 209, 357, 393, 112, 318, 382, 338, 40, 150, 364, 201, 182, 134, 132, 349, 199, 93, 173, 67, 19, 50, 221, 384, 308, 20, 260, 394, 2]
Time: 25.526seg 

TENURE=100_PROB_0.75_BEST
Best solution: Solution: cost=[-14400.0], size=[244], elements=[172, 332, 331, 245, 247, 174, 384, 196, 50, 21, 138, 328, 70, 347, 99, 139, 154, 51, 101, 349, 216, 307, 92, 289, 169, 327, 274, 290, 300, 108, 192, 54, 16, 141, 390, 316, 252, 32, 273, 382, 293, 284, 297, 215, 351, 69, 224, 124, 381, 354, 361, 1, 103, 30, 114, 211, 160, 291, 4, 365, 218, 208, 236, 18, 352, 387, 125, 306, 227, 25, 324, 288, 49, 148, 376, 177, 338, 7, 336, 145, 9, 156, 15, 326, 397, 76, 121, 246, 260, 56, 157, 17, 47, 385, 237, 299, 323, 312, 389, 357, 58, 166, 158, 134, 393, 53, 195, 183, 155, 230, 179, 167, 383, 240, 233, 73, 371, 147, 72, 66, 110, 80, 220, 97, 228, 10, 45, 83, 144, 82, 272, 85, 34, 229, 250, 325, 100, 187, 398, 301, 44, 269, 129, 165, 107, 63, 368, 223, 309, 377, 348, 94, 131, 5, 136, 77, 231, 276, 366, 253, 159, 265, 378, 184, 88, 395, 320, 38, 239, 153, 363, 386, 11, 65, 96, 362, 244, 170, 251, 304, 311, 296, 143, 263, 28, 41, 87, 95, 285, 119, 84, 111, 277, 342, 373, 193, 298, 200, 75, 62, 317, 164, 190, 3, 339, 207, 314, 151, 350, 20, 146, 391, 132, 168, 380, 259, 241, 142, 266, 89, 19, 61, 205, 150, 303, 133, 359, 23, 204, 258, 64, 199, 295, 112, 40, 286, 232, 329, 93, 117, 318, 104, 52, 8]
Time: 1800.024seg 

TENURE=100_DIV_100_FIRST
Best solution: Solution: cost=[-13970.0], size=[251], elements=[316, 328, 87, 327, 304, 247, 373, 277, 150, 24, 201, 263, 91, 70, 230, 134, 296, 206, 342, 226, 258, 336, 177, 7, 80, 15, 84, 211, 246, 245, 196, 301, 143, 125, 28, 119, 111, 3, 372, 387, 377, 224, 179, 18, 378, 96, 376, 121, 49, 67, 20, 159, 239, 348, 95, 399, 17, 288, 354, 158, 355, 332, 103, 10, 83, 265, 375, 48, 219, 23, 352, 384, 366, 200, 205, 170, 75, 157, 100, 299, 187, 339, 154, 16, 306, 129, 386, 30, 312, 398, 397, 53, 133, 380, 44, 166, 174, 52, 356, 364, 183, 63, 148, 124, 318, 11, 162, 208, 120, 359, 155, 153, 233, 307, 323, 140, 181, 99, 122, 165, 69, 240, 9, 333, 156, 244, 66, 145, 110, 171, 238, 5, 335, 94, 363, 325, 97, 236, 195, 371, 393, 1, 231, 64, 381, 167, 382, 368, 85, 108, 289, 293, 25, 65, 228, 298, 317, 71, 76, 264, 114, 81, 56, 31, 290, 221, 47, 370, 222, 54, 251, 357, 51, 286, 127, 320, 107, 295, 163, 131, 40, 272, 147, 227, 311, 14, 294, 281, 274, 390, 118, 77, 62, 220, 250, 88, 101, 193, 267, 38, 253, 309, 34, 324, 300, 362, 223, 198, 218, 184, 260, 192, 22, 383, 73, 229, 350, 136, 72, 168, 190, 259, 82, 278, 279, 50, 360, 139, 291, 225, 303, 215, 285, 152, 234, 4, 241, 389, 189, 273, 169, 57, 2, 92, 395, 216, 151, 160, 209, 0, 6]
Time: 28.472seg 

TENURE=100_DIV_100_BEST
Best solution: Solution: cost=[-14484.0], size=[239], elements=[362, 167, 293, 159, 165, 272, 229, 38, 88, 63, 371, 17, 348, 274, 332, 294, 47, 263, 101, 317, 240, 30, 352, 158, 368, 323, 147, 114, 228, 97, 25, 51, 205, 21, 174, 227, 65, 10, 265, 148, 216, 124, 288, 211, 11, 190, 250, 200, 95, 307, 162, 16, 170, 83, 285, 244, 304, 312, 28, 296, 110, 247, 383, 92, 306, 56, 172, 107, 87, 85, 389, 327, 108, 290, 357, 81, 299, 100, 134, 132, 157, 354, 153, 328, 53, 236, 155, 93, 251, 166, 387, 69, 273, 49, 215, 125, 80, 145, 264, 7, 72, 289, 259, 311, 2, 208, 121, 338, 195, 239, 366, 183, 1, 23, 196, 179, 230, 397, 209, 103, 4, 398, 6, 5, 171, 378, 119, 77, 31, 381, 48, 154, 339, 164, 325, 320, 94, 136, 156, 309, 62, 151, 152, 391, 20, 15, 206, 231, 70, 316, 336, 18, 177, 201, 160, 277, 192, 291, 342, 99, 54, 350, 363, 377, 386, 9, 333, 395, 375, 245, 181, 301, 286, 318, 224, 133, 234, 373, 233, 44, 284, 189, 129, 376, 111, 143, 131, 73, 117, 127, 324, 218, 223, 246, 84, 193, 390, 220, 385, 253, 241, 150, 382, 57, 355, 364, 194, 380, 76, 163, 295, 356, 118, 50, 349, 335, 75, 258, 331, 260, 370, 19, 34, 140, 219, 384, 359, 67, 168, 66, 303, 82, 221, 184, 266, 237, 3, 204, 308]
Time: 100.953seg 

TENURE=100_DIV_10_FIRST
Best solution: Solution: cost=[-14138.0], size=[253], elements=[4, 117, 6, 383, 171, 19, 145, 155, 31, 21, 284, 316, 333, 119, 353, 187, 53, 99, 312, 375, 69, 162, 67, 159, 199, 398, 17, 61, 354, 90, 114, 30, 105, 266, 342, 327, 382, 87, 339, 230, 157, 62, 365, 150, 201, 137, 33, 179, 63, 368, 352, 288, 49, 16, 190, 397, 152, 100, 374, 151, 250, 84, 80, 91, 52, 350, 11, 285, 132, 23, 277, 73, 259, 229, 192, 77, 164, 386, 370, 336, 153, 10, 239, 7, 247, 28, 70, 318, 148, 168, 301, 93, 166, 44, 158, 125, 359, 362, 273, 244, 380, 212, 265, 141, 307, 309, 299, 304, 366, 289, 245, 328, 124, 231, 300, 258, 323, 211, 183, 147, 156, 66, 332, 275, 97, 174, 351, 169, 348, 215, 110, 276, 89, 195, 5, 173, 138, 196, 306, 208, 72, 1, 218, 92, 101, 236, 154, 83, 253, 165, 34, 378, 177, 325, 371, 85, 108, 167, 381, 25, 131, 136, 395, 121, 387, 103, 324, 160, 216, 18, 291, 172, 303, 193, 82, 349, 134, 163, 209, 223, 220, 51, 357, 88, 227, 260, 189, 50, 320, 38, 290, 76, 95, 356, 263, 233, 310, 45, 295, 56, 364, 221, 391, 94, 308, 272, 246, 111, 376, 47, 294, 286, 293, 54, 269, 271, 198, 317, 129, 139, 81, 296, 373, 234, 360, 24, 389, 48, 20, 278, 112, 240, 64, 385, 9, 241, 393, 194, 15, 394, 133, 390, 65, 181, 384, 184, 314, 58, 143, 0, 3, 2, 8]
Time: 15.268seg 

TENURE=100_DIV_10_BEST
Best solution: Solution: cost=[-13894.0], size=[249], elements=[91, 230, 316, 10, 84, 211, 262, 247, 307, 229, 352, 154, 373, 159, 339, 386, 289, 231, 108, 279, 378, 70, 393, 126, 254, 361, 53, 22, 371, 15, 100, 201, 362, 245, 80, 368, 155, 124, 244, 48, 121, 1, 327, 152, 385, 67, 359, 168, 66, 58, 24, 288, 120, 398, 7, 248, 119, 49, 354, 144, 78, 263, 158, 277, 382, 18, 226, 16, 324, 134, 301, 328, 300, 246, 236, 387, 136, 125, 318, 28, 148, 153, 30, 239, 376, 355, 162, 9, 336, 40, 166, 163, 299, 77, 200, 44, 131, 129, 25, 366, 52, 286, 274, 293, 258, 379, 95, 57, 85, 287, 92, 213, 325, 114, 381, 281, 257, 3, 165, 174, 380, 111, 17, 335, 295, 73, 356, 76, 374, 104, 75, 360, 63, 348, 173, 253, 157, 384, 196, 364, 222, 64, 306, 177, 208, 5, 194, 292, 156, 397, 205, 47, 312, 320, 290, 221, 69, 23, 232, 132, 139, 332, 99, 50, 370, 82, 309, 133, 54, 198, 326, 94, 193, 323, 233, 317, 240, 101, 113, 110, 272, 182, 51, 97, 147, 342, 372, 187, 331, 138, 319, 32, 304, 285, 38, 273, 227, 389, 296, 357, 241, 190, 151, 259, 195, 271, 61, 251, 56, 170, 83, 183, 88, 303, 215, 351, 209, 189, 72, 171, 234, 383, 250, 329, 223, 93, 20, 172, 107, 338, 260, 349, 146, 276, 394, 377, 184, 179, 192, 391, 81, 216, 62, 150, 220, 314, 112, 34, 350]
Time: 25.547seg 

